run_name=resnet50_weighted_ep25_bs16_lr0.0001_wd0.0001_img224_pat3_20260324_140013
model_name=resnet50
epochs=25
batch_size=16
lr=0.0001
weight_decay=0.0001
image_size=224
early_stopping_patience=3
use_weighted_loss=True
class_weight_normal=0.645453
class_weight_pneumonia=2.218765
train_count_normal=14472
train_count_pneumonia=4210
best_epoch=4
best_val_loss=0.429967
accuracy=0.791552
precision=0.523542
recall_sensitivity=0.826859
specificity=0.781290
f1=0.641136
balanced_accuracy=0.804075
