run_name=densenet121_weighted_ep25_bs16_lr0.001_wd0.0_img224_pat3_20260324_173747
model_name=densenet121
epochs=25
batch_size=16
lr=0.001
weight_decay=0.0
image_size=224
early_stopping_patience=3
use_weighted_loss=True
class_weight_normal=0.645453
class_weight_pneumonia=2.218765
train_count_normal=14472
train_count_pneumonia=4210
best_epoch=15
best_val_loss=0.439341
accuracy=0.786553
precision=0.517041
recall_sensitivity=0.791343
specificity=0.785161
f1=0.625439
balanced_accuracy=0.788252
