run_name=densenet121_weighted_ep20_bs32_lr0.001_wd0.0001_img224_pat5_20260323_203020
model_name=densenet121
epochs=20
batch_size=32
lr=0.001
weight_decay=0.0001
image_size=224
early_stopping_patience=5
use_weighted_loss=True
class_weight_normal=0.645453
class_weight_pneumonia=2.218765
train_count_normal=14472
train_count_pneumonia=4210
best_epoch=18
best_val_loss=0.441838
accuracy=0.775306
precision=0.500683
recall_sensitivity=0.813541
specificity=0.764194
f1=0.619873
balanced_accuracy=0.788867
