run_name=resnet50_weighted_ep20_bs16_lr0.0001_wd0.0001_img224_pat5_20260323_223631
model_name=resnet50
epochs=20
batch_size=16
lr=0.0001
weight_decay=0.0001
image_size=224
early_stopping_patience=5
use_weighted_loss=True
class_weight_normal=0.645453
class_weight_pneumonia=2.218765
train_count_normal=14472
train_count_pneumonia=4210
best_epoch=4
best_val_loss=0.426081
accuracy=0.806048
precision=0.548790
recall_sensitivity=0.780244
specificity=0.813548
f1=0.644363
balanced_accuracy=0.796896
