run_name=resnet50_weighted_ep20_bs32_lr0.0001_wd0.0001_img224_pat5_20260320_105610
model_name=resnet50
epochs=20
batch_size=32
lr=0.0001
weight_decay=0.0001
image_size=224
early_stopping_patience=5
use_weighted_loss=True
class_weight_normal=0.645453
class_weight_pneumonia=2.218765
train_count_normal=14472
train_count_pneumonia=4210
best_epoch=2
best_val_loss=0.448468
accuracy=0.769058
precision=0.492614
recall_sensitivity=0.851276
specificity=0.745161
f1=0.624085
balanced_accuracy=0.798219
