run_name=resnet50_weighted_ep25_bs16_lr0.0001_wd0.0001_img224_pat7_20260324_155714
model_name=resnet50
epochs=25
batch_size=16
lr=0.0001
weight_decay=0.0001
image_size=224
early_stopping_patience=7
use_weighted_loss=True
class_weight_normal=0.645453
class_weight_pneumonia=2.218765
train_count_normal=14472
train_count_pneumonia=4210
best_epoch=5
best_val_loss=0.423548
accuracy=0.793802
precision=0.527143
recall_sensitivity=0.819090
specificity=0.786452
f1=0.641460
balanced_accuracy=0.802771
