run_name=resnet50_unweighted_ep20_bs16_lr0.0001_wd0.0001_img224_pat5_20260324_085738
model_name=resnet50
epochs=20
batch_size=16
lr=0.0001
weight_decay=0.0001
image_size=224
early_stopping_patience=5
use_weighted_loss=False
class_weight_normal=0.645453
class_weight_pneumonia=2.218765
train_count_normal=14472
train_count_pneumonia=4210
best_epoch=3
best_val_loss=0.357407
accuracy=0.847038
precision=0.747009
recall_sensitivity=0.485017
specificity=0.952258
f1=0.588156
balanced_accuracy=0.718637
