run_name=densenet121_weighted_ep25_bs16_lr0.001_wd0.0_img224_pat7_20260324_220419
model_name=densenet121
epochs=25
batch_size=16
lr=0.001
weight_decay=0.0
image_size=224
early_stopping_patience=7
use_weighted_loss=True
class_weight_normal=0.645453
class_weight_pneumonia=2.218765
train_count_normal=14472
train_count_pneumonia=4210
best_epoch=18
best_val_loss=0.432672
accuracy=0.798300
precision=0.536265
recall_sensitivity=0.771365
specificity=0.806129
f1=0.632681
balanced_accuracy=0.788747
