run_name=densenet121_weighted_ep20_bs32_lr0.0001_wd0.0001_img224_pat5_20260321_034802
model_name=densenet121
epochs=20
batch_size=32
lr=0.0001
weight_decay=0.0001
image_size=224
early_stopping_patience=5
use_weighted_loss=True
class_weight_normal=0.645453
class_weight_pneumonia=2.218765
train_count_normal=14472
train_count_pneumonia=4210
best_epoch=3
best_val_loss=0.443854
accuracy=0.800300
precision=0.540157
recall_sensitivity=0.761376
specificity=0.811613
f1=0.631967
balanced_accuracy=0.786495
