run_name=densenet121_unweighted_ep20_bs16_lr0.001_wd0.0_img224_pat5_20260324_123520
model_name=densenet121
epochs=20
batch_size=16
lr=0.001
weight_decay=0.0
image_size=224
early_stopping_patience=5
use_weighted_loss=False
class_weight_normal=0.645453
class_weight_pneumonia=2.218765
train_count_normal=14472
train_count_pneumonia=4210
best_epoch=20
best_val_loss=0.351192
accuracy=0.839540
precision=0.692422
recall_sensitivity=0.517203
specificity=0.933226
f1=0.592122
balanced_accuracy=0.725214
