run_name=resnet50_weighted_ep20_bs32_lr1e-05_wd0.0001_img224_pat5_20260320_173022
model_name=resnet50
epochs=20
batch_size=32
lr=1e-05
weight_decay=0.0001
image_size=224
early_stopping_patience=5
use_weighted_loss=True
class_weight_normal=0.645453
class_weight_pneumonia=2.218765
train_count_normal=14472
train_count_pneumonia=4210
best_epoch=5
best_val_loss=0.466592
accuracy=0.792802
precision=0.527068
recall_sensitivity=0.778024
specificity=0.797097
f1=0.628418
balanced_accuracy=0.787561
