run_name=densenet121_weighted_ep20_bs16_lr0.001_wd0.0001_img224_pat5_20260324_025140
model_name=densenet121
epochs=20
batch_size=16
lr=0.001
weight_decay=0.0001
image_size=224
early_stopping_patience=5
use_weighted_loss=True
class_weight_normal=0.645453
class_weight_pneumonia=2.218765
train_count_normal=14472
train_count_pneumonia=4210
best_epoch=20
best_val_loss=0.444745
accuracy=0.782554
precision=0.511111
recall_sensitivity=0.791343
specificity=0.780000
f1=0.621080
balanced_accuracy=0.785671
