run_name=densenet121_weighted_ep20_bs16_lr0.001_wd0.0001_img224_pat5_20260323_183633
model_name=densenet121
epochs=20
batch_size=16
lr=0.001
weight_decay=0.0001
image_size=224
early_stopping_patience=5
use_weighted_loss=True
class_weight_normal=0.645453
class_weight_pneumonia=2.218765
train_count_normal=14472
train_count_pneumonia=4210
best_epoch=19
best_val_loss=0.441717
accuracy=0.794051
precision=0.528796
recall_sensitivity=0.784684
specificity=0.796774
f1=0.631814
balanced_accuracy=0.790729
