run_name=densenet121_weighted_ep25_bs16_lr0.001_wd0.0_img224_pat5_20260324_192938
model_name=densenet121
epochs=25
batch_size=16
lr=0.001
weight_decay=0.0
image_size=224
early_stopping_patience=5
use_weighted_loss=True
class_weight_normal=0.645453
class_weight_pneumonia=2.218765
train_count_normal=14472
train_count_pneumonia=4210
best_epoch=15
best_val_loss=0.437018
accuracy=0.789303
precision=0.520774
recall_sensitivity=0.806881
specificity=0.784194
f1=0.633000
balanced_accuracy=0.795537
