run_name=densenet121_weighted_ep20_bs16_lr0.001_wd0.0_img224_pat5_20260324_104617
model_name=densenet121
epochs=20
batch_size=16
lr=0.001
weight_decay=0.0
image_size=224
early_stopping_patience=5
use_weighted_loss=True
class_weight_normal=0.645453
class_weight_pneumonia=2.218765
train_count_normal=14472
train_count_pneumonia=4210
best_epoch=19
best_val_loss=0.441675
accuracy=0.790052
precision=0.521864
recall_sensitivity=0.807991
specificity=0.784839
f1=0.634146
balanced_accuracy=0.796415
